
source3C295.name = '3C295';
source3C295.a = 1.4701;
source3C295.b = -0.7658;
source3C295.c = -0.278;
source3C295.d = -0.0347;
source3C295.e = 0.0399;
source3C295.f = 0;

source3C48.name = '3C48';
source3C48.a = 1.3253;
source3C48.b = -0.7553;
source3C48.c = -0.1914;
source3C48.d = -0.0498;
source3C48.e = 0;
source3C48.f = 0;

source3C348.name = '3C348';
source3C348.a = 1.835;
source3C348.b = -1.08;
source3C348.c = -0.09;
source3C348.d = -0.14;
source3C348.e = -0.06;
source3C348.f = 0.06;

source3C147.name = '3C147';
source3C147.a = 1.4516;
source3C147.b = -0.6961;
source3C147.c = -0.201;
source3C147.d = -0.064;
source3C147.e = -0.046;
source3C147.f = 0.029;

source3C123.name = '3C123';
source3C123.a = 1.8017;
source3C123.b = -0.7884;
source3C123.c = -0.1035;
source3C123.d = -0.0248;
source3C123.e = -0.090;
source3C123.f = 0;

